 interaction.depth  n.trees  ROC        Sens       Spec       ROC SD      Sens SD      Spec SD     .B
gbm 103: 100%
3                  100      0.8029907  0.9770896  0.2089552  0.05358094  0.015356644  0.09807369  134
3                  150      0.8030700  0.9662000  0.32400000  0.04908261  0.019988772  0.10012237  50

gbm 80: 99%
3                  150      0.8826100  0.9508000  0.4710000  0.04084419  0.02058730  0.11069816  50
2                  150      0.8463600  0.9706000  0.31900000  0.05182034  0.018003401  0.11818785  50
3                  150      0.8948600  0.9622000  0.48200000  0.03450038  0.018548337  0.10486142  50

gbm 29: 90%
3                  150      0.8015669  0.9652326  0.2546512  0.04923864  0.021294945  0.12044718  86

gbm 40: 95%
3                  150      0.8402400  0.9616000  0.32500000  0.04670645  0.020835605  0.11484239  50

gbm 57: 98%
3                  100      0.7765887  0.9692742  0.24758065  0.05183440  0.018041208  0.09323779  124

gbm 72: 99% VarImp(0)
1                  150      0.8373300  0.9676000  0.25600000  0.04003858  0.019331691  0.09456668  50

gbm 47: 99% VarImp(0)
3                  150      0.8129900  0.9614000  0.28600000  0.04810156  0.021286194  0.07695745  50